988 811
6 1.2 // IDLE_DOWN
0 24 15 22
17 25 15 21
34 26 15 20
51 26 15 20
68 25 15 21
85 25 15 21
4 1.0 // IDLE_RIGHT
0 51 15 21
17 53 14 20
33 54 14 19
49 53 14 20
4 1.0 // IDLE_LEFT
15 52 -15 21
31 53 -14 20
47 54 -14 19
63 53 -14 20
6 1.2 // IDLE_UP
0 80 15 20
17 81 15 19
34 80 15 20
51 79 15 21
68 79 15 21
85 79 15 21
4 1.0 // IDLE_RIGHT_UP
0 108 14 19
16 107 14 20
32 107 14 20
48 106 14 21
4 1.0 // IDLE_LEFT_UP
14 108 -14 19
30 107 -14 20
46 107 -14 20
62 106 -14 21
6 1.2 // WALKING_DOWN
0 175 15 21
17 172 15 20
36 173 16 20
56 175 15 21
75 173 16 20
95 173 16 20
6 1.2 // WALKING_RIGHT
0 202 13 23
15 202 14 23
32 202 14 23
49 202 13 23
64 202 14 23
80 202 15 23
6 1.2 // WALKING_LEFT
13 202 -13 23
29 202 -14 23
46 202 -14 23
62 202 -13 23
78 202 -14 23
95 202 -15 23
6 1.2 // WALKING_UP
0 234 15 21
17 231 16 20
35 232 16 20
53 234 15 21
70 231 16 20
88 232 17 20
6 1.2 // WALKING_RIGHT_UP
0 263 13 20
15 262 16 20
33 261 15 18
52 264 13 20
67 262 14 20
83 264 14 19
6 1.2 // WALKING_LEFT_UP
13 263 -13 20
31 262 -16 20
48 261 -15 18
65 264 -13 20
81 262 -14 20
97 264 -14 19
10 1.3 // ROLLING_DOWN
0 301 13 22
13 301 15 22
30 301 13 22
45 301 13 22
60 301 13 22
75 301 13 22
90 301 17 22
109 301 13 22
124 301 13 22
124 301 13 22
10 1.3 // ROLLING_RIGHT
0 329 19 23
21 329 21 23
44 329 21 23
68 329 17 23
88 329 16 23
106 329 14 23
122 329 13 23
139 329 15 23
156 329 13 23
156 329 13 23
10 1.3 // ROLLING_LEFT
19 329 -19 23
42 329 -21 23
65 329 -21 23
85 329 -17 23
104 329 -16 23
120 329 -14 23
135 329 -13 23
154 329 -15 23
169 329 -13 23
169 329 -13 23
10 1.3 // ROLLING_DOWN
0 358 13 24
16 358 13 24
30 358 13 24
45 358 13 24
60 358 13 24
75 358 13 24
90 358 13 24
104 358 13 24
119 358 13 24
119 358 13 24
10 1.3 // ROLLING_RIGHT_UP
0 388 16 22
18 388 16 22
36 388 17 22
56 388 15 22
73 388 14 22
89 388 14 22
105 388 13 22
120 388 14 22
136 388 12 22
136 388 12 22
10 1.3 // ROLLING_LEFT_UP
16 388   -16 22
34 388  -16 22
53 388  -17 22
71 388  -15 22
87 388  -14 22
103 388  -14 22
118 388 -13 22
134 388 -14 22
148 388 -12 22
148 388 -12 22